256,210
256,316
256,430
256,275
256,324
256,311
256,311
256,347
256,263
256,333
256,295
256,361
256,406
256,417
256,443
256,266
256,264
256,263
256,441
256,300
256,217
256,345
256,368
256,289
256,196
256,272
256,389
256,423
256,271
256,433
256,271
256,388
256,301
256,251
256,309
256,246
150,78
318,141
235,202
264,460
-1,-1
373,95
-1,-1
235,460
272,276
-1,-1
241,463
240,461
-1,-1
220,247
207,117
348,196
249,367
292,252
-1,-1
350,116
283,282
240,475
242,441
271,475
268,441
227,282
160,116
-1,-1
219,252
261,367
163,196
303,117
290,247
-1,-1
270,463
270,461
-1,-1
238,276
-1,-1
276,460
137,95
246,460
-1,-1
275,202
192,141
361,78
265,278
278,460
-1,-1
321,382
266,437
236,296
295,397
204,400
268,421
343,106
332,141
236,453
-1,-1
330,82
272,460
-1,-1
275,418
235,249
169,92
-1,-1
236,455
187,159
162,116
279,420
245,452
275,442
279,476
308,220
304,172
234,474
236,440
296,426
350,112
283,282
223,410
201,393
165,125
325,128
217,313
233,428
212,434
-1,-1
273,455
273,455
-1,-1
172,85
231,266
239,419
239,415
239,411
228,250
332,144
362,79
223,248
285,224
-1,-1
275,463
-1,-1
275,461
220,246
295,309
275,452
-1,-1
313,239
237,191
266,454
-1,-1
291,160
309,128
226,455
238,403
235,412
267,455
-1,-1
-1,-1
267,455
182,82
240,442
238,476
-1,-1
271,463
271,461
-1,-1
-1,-1
240,460
149,101
149,100
350,106
330,91
356,131
261,391
234,322
359,134
146,128
133,133
162,106
311,203
191,201
360,136
190,132
250,292
238,437
249,298
285,304
238,450
-1,-1
168,91
325,122
207,117
296,205
194,138
140,125
299,374
217,242
313,135
220,231
305,172
272,395
-1,-1
239,460
244,424
212,366
361,121
235,267
295,247
289,162
178,154
281,424
241,454
-1,-1
370,111
371,110
229,436
230,300
154,148
218,418
275,459
238,357
286,411
291,351
341,92
339,85
344,105
187,144
213,245
138,126
167,106
270,458
-1,-1
-1,-1
245,463
-1,-1
246,461
366,109
366,109
149,78
366,122
340,107
176,91
149,124
239,458
-1,-1
273,428
160,149
266,455
-1,-1
328,129
185,153
170,221
157,112
185,122
273,430
182,82
220,289
325,122
355,117
155,124
376,95
220,202
135,105
363,145
374,112
349,116
201,126
223,456
341,142
371,94
271,454
-1,-1
236,454
-1,-1
272,474
269,440
155,127
236,456
328,141
318,216
328,129
231,428
338,106
338,84
370,111
232,475
235,441
151,131
153,114
273,411
131,118
185,128
226,288
226,344
328,138
289,248
309,315
267,453
-1,-1
374,117
167,106
265,461
-1,-1
379,106
197,145
185,122
303,117
356,127
330,91
148,101
148,100
349,139
282,419
362,78
196,147
258,300
293,278
165,105
362,124
171,90
245,265
269,452
-1,-1
-1,-1
266,455
313,126
273,402
293,239
126,111
261,316
366,136
267,451
-1,-1
380,110
312,139
272,201
275,340
198,128
303,117
290,234
355,118
-1,-1
275,450
268,450
-1,-1
271,460
-1,-1
355,122
308,378
222,225
290,258
214,401
226,459
260,307
232,312
222,414
237,437
351,136
274,455
-1,-1
239,452
-1,-1
169,150
175,92
330,82
258,309
316,159
339,85
242,458
138,93
301,434
349,129
293,394
189,141
164,107
346,107
321,141
217,394
161,129
209,434
373,93
269,458
172,85
195,159
252,309
180,82
335,92
341,150
271,452
-1,-1
236,455
-1,-1
159,136
273,437
288,414
278,312
250,307
285,459
296,401
220,258
288,225
202,378
155,122
240,460
-1,-1
242,450
-1,-1
-1,-1
235,450
155,118
220,234
207,117
312,128
236,340
238,201
199,139
130,110
243,451
-1,-1
144,136
249,316
384,111
218,239
238,402
197,126
-1,-1
245,455
241,452
-1,-1
265,265
339,90
148,124
345,105
217,278
252,300
314,147
149,78
228,419
161,139
363,101
362,100
180,91
154,127
207,117
325,122
314,145
131,106
245,461
-1,-1
343,106
136,117
244,453
-1,-1
201,315
221,248
182,138
284,344
284,288
325,128
380,118
237,411
357,114
359,131
279,475
275,441
140,111
172,84
172,106
279,428
182,129
192,216
182,141
274,456
355,127
239,474
241,440
274,454
-1,-1
239,454
-1,-1
140,94
169,142
288,456
309,126
161,116
136,112
147,145
375,105
290,202
135,95
355,124
155,117
185,122
290,289
329,82
237,430
325,122
353,112
340,221
325,153
182,129
245,455
-1,-1
350,149
237,428
272,458
-1,-1
361,124
334,91
170,107
144,122
362,78
144,109
144,109
-1,-1
266,463
-1,-1
265,461
241,458
-1,-1
343,106
372,126
297,245
323,144
166,105
172,85
170,92
219,351
224,411
272,357
236,459
292,418
356,148
280,300
281,436
140,111
140,110
269,454
-1,-1
229,424
333,154
221,162
215,247
275,267
149,121
298,366
267,424
-1,-1
271,460
239,395
205,172
290,231
197,135
294,242
211,374
370,125
316,138
215,205
303,117
185,122
342,91
273,450
-1,-1
225,304
261,298
272,437
261,292
320,132
150,136
319,201
199,203
348,106
377,133
364,128
151,134
276,322
250,391
154,131
180,91
160,106
362,101
361,100
-1,-1
270,460
-1,-1
240,463
239,461
-1,-1
270,442
273,476
329,82
244,455
-1,-1
-1,-1
244,455
275,412
273,403
285,455
201,128
219,160
245,454
-1,-1
273,191
197,239
236,452
-1,-1
215,309
290,246
-1,-1
236,463
-1,-1
235,461
225,224
287,248
148,79
178,144
283,250
271,419
272,415
272,411
279,266
339,85
-1,-1
237,455
237,455
-1,-1
298,434
277,428
294,313
185,128
346,125
309,393
288,410
227,282
160,112
214,426
277,474
274,440
206,172
202,220
235,442
232,476
266,452
231,420
348,116
324,159
-1,-1
274,455
342,92
275,249
235,418
239,460
-1,-1
180,82
275,453
-1,-1
178,141
168,106
242,421
306,400
215,397
274,296
245,437
189,382
233,460
-1,-1
245,278
