[[-7.62498189e-07 -5.59437012e-08 -1.85343694e-06]]
[[-1.18820168e-06  2.68413572e-07 -2.35654348e-06]]
[[-1.41937393e-06  3.58316385e-07 -3.49608700e-06]]
[[ 1.36997019e-06 -4.38394125e-07  2.81397496e-06]]
[[4.10237009e-07 6.88918078e-08 1.07318145e-06]]
[[-1.84685764e-06  3.06530950e-07 -3.98873837e-06]]
[[ 1.14888384e-06 -1.32836590e-07  2.02553063e-06]]
[[-5.49137960e-07 -1.55236705e-07 -1.88745460e-06]]
[[3.51786489e-07 2.94910620e-07 4.03499840e-07]]
[[ 1.29839069e-11 -9.55718536e-06  4.61393091e-06]]
[[ 1.55320323e-11 -1.44721760e-05  7.01573437e-06]]
[[-7.79490775e-07 -2.11844474e-06 -1.51457915e-06]]
[[ 1.48188057e-11 -1.85634080e-05  6.50686408e-06]]
[[ 2.05733548e-11  1.65578290e-05 -5.38636364e-06]]
[[2.55959955e-07 1.01863543e-06 3.67203157e-07]]
[[-4.59705084e-07 -2.58013338e-06 -7.59095727e-07]]
[[ 1.38313759e-11 -5.57226832e-06  1.38445816e-06]]
[[-2.62221510e-07 -1.55004136e-06 -4.01706515e-07]]
[[ 1.62928953e-11  1.72373234e-07 -2.17270440e-07]]
[[ 1.67165888e-11  4.63867744e-06 -3.33096636e-06]]
[[7.46776229e-07 4.08864253e-06 3.63242592e-07]]
[[2.23313710e-07 9.67940281e-07 6.84677062e-07]]
[[ 1.69480630e-11 -1.08721551e-06  7.40342401e-07]]
[[-1.34261870e-06 -1.13286086e-06 -1.13487948e-06]]
[[1.88126999e-11 2.11338369e-06 2.71077411e-07]]
[[ 1.97459048e-11 -1.01642374e-05  6.08013339e-06]]
[[ 2.10115644e-06 -6.47452453e-06  7.11390857e-06]]
[[ 1.43810337e-11 -5.21439935e-06  2.64719928e-06]]
[[ 1.04193984e-06 -4.03760328e-06  3.66211054e-06]]
[[1.23885562e-06 4.85194533e-07 2.00146519e-06]]
[[1.09522351e-06 9.83341948e-07 1.52255525e-06]]
[[ 4.10163507e-07 -4.44231318e-09  5.86640596e-07]]
[[ 1.96974579e-06 -1.59160996e-06  4.47968030e-06]]
[[5.04416231e-07 8.80408436e-07 6.18535111e-07]]
[[ 1.36042098e-06 -1.33843020e-06  2.53405011e-06]]
[[ 1.76543505e-06 -2.40900030e-06  4.06333137e-06]]
[[ 1.64680174e-11 -9.23798950e-06  9.80712905e-06]]
[[ 1.67483961e-06 -7.02034589e-06  7.36862525e-06]]
[[-1.70984100e-06  1.44210807e-06 -5.36899371e-06]]
[[ 1.40321970e-06 -3.74322519e-06  3.80500420e-06]]
[[ 1.17702069e-06 -5.24845069e-06  4.09601084e-06]]
[[ 4.16400933e-07 -2.82710909e-06  1.75761996e-06]]
[[ 1.60885539e-06 -2.80777093e-06  3.52885613e-06]]
[[-1.10741593e-06  1.49187952e-06 -4.14107519e-06]]
[[-3.61137381e-07 -9.01672479e-07 -6.99201607e-07]]
[[-4.71863224e-08  5.87298331e-07 -3.92374346e-08]]
[[-3.79120941e-07  1.05435930e-07 -6.95468756e-07]]
[[ 1.30123055e-07 -2.29742284e-06  1.95774120e-07]]
[[ 1.17456558e-06 -1.23208582e-06  2.47747823e-06]]
[[ 4.54489758e-07 -2.15737722e-06  1.14186177e-06]]
[[-8.88696734e-07 -1.89664036e-07 -1.50111283e-06]]
[[ 1.27790964e-06 -1.65252612e-06  3.20577246e-06]]
[[-1.70665953e-06  1.24730337e-06 -4.27003322e-06]]
[[ 1.01198697e-06 -2.86800616e-06  2.51323181e-06]]
[[ 2.55212141e-06 -3.77302467e-06  5.53338488e-06]]
[[-1.43169176e-06  3.55206041e-06 -4.89477415e-06]]
[[ 1.08648171e-06 -1.76803329e-06  2.47887232e-06]]
[[ 1.59213803e-07  2.36076059e-06 -2.21586447e-06]]
[[ 3.89023342e-07 -6.07619796e-07  4.60970455e-07]]
[[-7.10669003e-07 -7.15847108e-07 -1.76918830e-06]]
[[-5.78235088e-07  4.28580250e-07 -1.30422902e-06]]
[[5.89517647e-07 9.60910313e-07 1.17910049e-06]]
[[ 2.66214749e-06 -4.52465241e-06  4.25325887e-06]]
[[ 2.10548567e-06 -3.00725733e-06  3.74953648e-06]]
[[4.21178328e-07 1.89731796e-06 2.17296154e-06]]
[[ 3.39292904e-06 -5.90730181e-06  5.71413062e-06]]
[[-1.82649100e-06  2.67857470e-06 -3.97351066e-06]]
[[8.57346620e-07 1.84924318e-07 1.62872837e-06]]
[[ 1.07976934e-07 -1.38633561e-06  4.33260482e-07]]
[[2.27891853e-07 4.18410593e-07 4.74238547e-07]]
[[1.32678917e-07 1.86750100e-07 4.57297006e-07]]
[[-3.25918094e-06  1.89494830e-06 -6.67654871e-06]]
[[ 3.65200892e-06 -2.88052775e-06  6.07663645e-06]]
[[ 4.76636600e-07 -4.41082133e-06  2.25509268e-07]]
[[-1.88676017e-06  3.51771763e-06 -2.08019389e-06]]
[[-1.74118424e-06  2.52171466e-06 -8.61587537e-07]]
[[ 1.65915968e-06 -4.20024116e-06  3.56978855e-06]]
[[ 2.68971624e-06 -1.22782367e-06  5.63010178e-06]]
[[ 5.99568704e-07 -1.81725775e-06  1.63981962e-06]]
[[-2.89117541e-07 -1.71628093e-06 -1.48360769e-06]]
[[ 3.14592167e-06 -2.25495094e-06  6.62049730e-06]]
[[ 5.30882904e-07 -2.89505269e-06  6.60880076e-07]]
[[ 2.48919665e-06 -2.58654762e-06  4.81875350e-06]]
[[-2.55288942e-06  4.83454755e-07 -5.16556720e-06]]
[[-1.18291171e-06  6.38050409e-07 -2.59718064e-06]]
[[-2.67890891e-06  4.71037984e-06 -5.76454157e-06]]
[[ 4.54542395e-08 -6.17740511e-07  1.85631535e-07]]
[[ 1.23144647e-06 -2.51595131e-06  2.66721423e-06]]
[[-2.37730985e-06  3.42282240e-06 -4.76434398e-06]]
[[-2.44459606e-07 -1.11798050e-06 -4.25323073e-07]]
[[ 2.51751530e-06 -8.70988856e-07  5.39898011e-06]]
[[-1.13863476e-06 -1.63434228e-06 -2.09585959e-06]]
[[4.06538721e-07 7.33602121e-08 4.24745309e-07]]
[[3.34120742e-07 3.04553160e-06 3.22815403e-07]]
[[-4.60348478e-07 -1.08897027e-06 -1.35207558e-06]]
[[-3.85990032e-06  8.22352823e-06 -8.76752209e-06]]
[[2.68033038e-07 2.51906366e-06 4.05538216e-07]]
[[-6.65700298e-07  3.05734318e-07 -1.71814589e-06]]
[[7.11552314e-07 1.15757183e-06 1.14904267e-06]]
[[-1.92267855e-06  4.37585311e-06 -4.31243205e-06]]
[[-5.60312621e-07  2.09181255e-06 -1.04460950e-06]]
[[ 4.12570564e-07 -1.18534399e-06  7.47096820e-07]]
[[ 1.88271611e-06 -3.27918789e-06  4.45328082e-06]]
[[ 1.25249839e-06 -7.69883002e-08  2.58878188e-06]]
[[ 1.43080883e-06 -5.81901287e-06  3.07089068e-06]]
[[5.75048510e-07 9.39631548e-07 1.25600035e-06]]
[[-2.34556323e-06  2.65486113e-06 -5.10619070e-06]]
[[ 1.79441121e-06 -6.05297257e-06  3.72955054e-06]]
[[ 1.38272158e-06 -3.35248058e-06  2.84495563e-06]]
[[ 7.35531824e-07 -1.52247452e-07  2.51605759e-06]]
[[-3.82058101e-08 -4.55249790e-07 -3.28107333e-07]]
[[3.45297401e-07 3.47011792e-07 1.98197806e-06]]
[[ 1.19950877e-06 -3.94482998e-06  2.58723882e-06]]
[[ 2.46861943e-06 -4.95842423e-06  5.47569407e-06]]
[[-8.27136367e-07  4.62571705e-07 -2.46413693e-06]]
[[-3.84841758e-07  6.44787747e-07 -1.02545742e-06]]
[[ 2.62646106e-07 -2.94687462e-06  2.13505986e-06]]
[[ 1.36376624e-07 -2.11189314e-06  2.35166780e-07]]
[[ 4.22264449e-07 -3.78566079e-06 -5.43061276e-08]]
[[ 2.02501340e-06 -2.32950759e-06  3.43210061e-06]]
[[-1.76045038e-06  5.17972182e-07 -4.45396829e-06]]
[[ 2.11519139e-06 -4.57983637e-06  3.33942383e-06]]
[[ 2.50433089e-06 -4.39393287e-06  3.66402877e-06]]
[[-1.29576010e-06  1.62913895e-06 -1.25488616e-06]]
[[-7.58681054e-07 -5.70223563e-07 -2.22328826e-06]]
[[-4.86478986e-06  7.21557805e-06 -7.53389266e-06]]
[[ 2.38889610e-06 -2.48613154e-06  2.29893112e-06]]
[[-1.69251180e-07 -3.32616963e-07 -1.06709757e-06]]
[[-2.50662038e-06  4.52752451e-06 -2.53920878e-06]]
[[-2.57635733e-07 -2.34922925e-06 -5.32217271e-07]]
[[-1.36559989e-06  3.69525861e-06 -7.37011590e-07]]
[[-4.46021001e-06  7.45589196e-06 -6.96909363e-06]]
[[-1.69841034e-06  3.48731814e-06 -3.11152786e-06]]
[[ 3.64979891e-06 -9.06191670e-06  8.42772708e-06]]
[[-2.81441253e-07 -2.28139413e-07 -7.19605353e-07]]
[[-3.06207441e-06  1.15236281e-05 -7.27234428e-06]]
[[-6.16009178e-07  3.67464850e-07 -1.34368459e-06]]
[[-1.02918382e-06  1.19507263e-06 -1.42449714e-06]]
[[-3.26672035e-06  6.58504726e-06 -5.14251046e-06]]
[[ 1.75349304e-06 -2.60747805e-06  4.10243694e-06]]
[[ 4.04220680e-06 -1.15664722e-05  6.75222005e-06]]
[[-1.14007782e-06  2.34242094e-06 -4.50430079e-07]]
[[-2.67234531e-06  1.63622875e-06 -5.24137479e-06]]
[[ 3.15123804e-06 -1.90420280e-06  6.72978469e-06]]
[[ 6.89787285e-08  1.28337462e-07 -8.97659149e-07]]
[[-5.19547640e-07 -2.58835604e-06 -2.10103559e-06]]
[[ 1.08812751e-06 -2.82862541e-06  2.28757928e-06]]
[[ 1.94618276e-06 -3.57711841e-06  3.34534815e-06]]
[[5.70094656e-08 1.06896277e-06 7.27777660e-08]]
[[ 2.38569874e-06 -6.80410159e-06  3.02360520e-06]]
[[-3.30052296e-06  4.06386528e-06 -4.71754376e-06]]
[[ 3.50317114e-06 -2.23926335e-06  5.49455692e-06]]
[[-1.21554535e-07 -8.57122444e-07 -3.79668187e-07]]
[[ 5.61902343e-07 -1.34530407e-06  1.22578436e-06]]
[[-8.80182895e-07  2.06843183e-06 -2.19244396e-06]]
[[ 1.33054260e-06 -4.15920147e-06  2.85130346e-06]]
[[8.45423774e-07 2.27779265e-06 1.64085269e-06]]
[[ 1.16116318e-06 -3.26133284e-06  2.39615778e-06]]
[[-3.84513382e-06  7.61032800e-06 -9.61823126e-06]]
[[ 2.81811408e-06 -7.22529163e-06  6.47276168e-06]]
[[1.09246958e-06 8.37365235e-08 2.41603036e-06]]
[[-4.72450520e-07 -4.64818612e-07 -8.18384891e-07]]
[[4.10721530e-07 5.02968192e-08 1.44028873e-06]]
[[ 1.09597604e-06 -2.33440906e-06  1.83074931e-06]]
[[-2.79420711e-07 -1.24329523e-06 -3.62107357e-08]]
[[-9.77761156e-07  1.44482044e-08 -1.90396661e-06]]
[[ 2.54359207e-11 -1.47780057e-06 -1.78816831e-06]]
[[ 2.16146077e-11 -4.25136875e-07 -3.89637776e-07]]
[[-2.54646615e-09 -3.57239571e-08 -2.79528869e-07]]
[[ 2.81309023e-06 -4.04453687e-07  5.24581293e-06]]
[[ 2.91045553e-11 -4.34988110e-06  1.87794029e-06]]
[[ 1.83694934e-11 -7.03392880e-06  1.11765222e-05]]
[[-9.94112755e-07 -6.10898212e-08 -5.31826308e-06]]
[[ 2.25912140e-11  9.76014121e-07 -7.48164923e-06]]
[[-1.30023250e-06  9.70247271e-07 -3.61798320e-06]]
[[ 2.86340529e-11  3.45952677e-06 -4.72242410e-06]]
[[-2.23682493e-07 -1.22779795e-08 -1.97084127e-06]]
[[ 3.19548944e-11 -5.46692763e-06  1.49988899e-05]]
[[-9.46779396e-07  2.45759978e-06 -1.08025739e-05]]
[[ 1.83952957e-11 -3.41942643e-06  6.63832483e-06]]
[[ 2.30390716e-07  5.64755652e-07 -7.12969921e-07]]
[[1.57275936e-07 1.29967603e-07 1.58185697e-06]]
[[2.53354791e-11 1.82174034e-07 7.65151654e-07]]
[[-2.69773430e-08 -2.72472995e-06 -8.12014242e-06]]
[[ 2.24191268e-11 -1.52516151e-07  5.66696720e-07]]
[[ 3.70162967e-11  3.13635169e-07 -1.33012131e-05]]
[[3.27146352e-11 5.25903374e-08 9.94164120e-06]]
[[-1.03959847e-06  1.19600685e-08 -9.84467121e-07]]
[[-9.33610638e-08  6.90473755e-07  4.72501071e-07]]
[[2.59370873e-11 2.72281838e-07 7.11527704e-06]]
[[ 4.31731474e-07 -1.94555199e-07 -6.79644774e-06]]
[[ 2.81251416e-11  4.63581657e-07 -3.49057672e-08]]
[[-3.01069661e-07  7.87372855e-07  5.64840425e-06]]
[[2.87429943e-11 6.04821508e-07 4.81503601e-06]]
[[-1.44415239e-07  1.76369232e-06  5.58754460e-06]]
[[3.39496715e-08 1.63905453e-06 4.56501687e-06]]
[[3.55678643e-11 2.07398234e-06 9.18467637e-06]]
[[ 2.48561013e-11  2.28166158e-07 -1.64421870e-06]]
[[1.08349415e-07 3.18495793e-07 6.49853877e-08]]
[[ 2.54128353e-11  2.11343249e-07 -3.30606737e-06]]
[[-1.04664534e-07  5.70525856e-07  6.38344877e-06]]
[[9.58634772e-09 2.32070079e-07 3.40709980e-06]]
[[ 1.62401822e-06 -6.24344011e-07 -1.10071315e-05]]
[[ 1.05269180e-08 -1.53155584e-06 -6.06992831e-06]]
[[-2.25338908e-07  1.67837180e-06  5.04810914e-06]]
[[-2.31493530e-07  3.63096291e-08 -5.76255144e-06]]
[[ 7.51310631e-07 -6.00853355e-07 -1.48368023e-06]]
[[-4.28484801e-07  1.62935407e-06 -1.82107172e-07]]
[[ 3.60747805e-07 -7.73066930e-07 -2.15924090e-06]]
[[ 5.85589568e-08 -1.56991056e-06 -5.29598623e-07]]
[[1.20270219e-07 1.49461646e-06 6.86492834e-06]]
[[ 8.78076953e-08  6.78920586e-07 -1.86507613e-07]]
[[-1.67576387e-07 -1.34297865e-06 -7.53712593e-06]]
[[-3.41352564e-08  1.92680879e-06  1.47652775e-06]]
[[ 7.89216946e-07  2.18365239e-06 -1.09048635e-07]]
[[-3.51208858e-05 -1.95353095e-05  3.67818911e-05]]
[[-9.13134052e-07  8.12443268e-07  4.77276392e-06]]
[[-1.04516034e-06  4.52479284e-07  3.14506075e-06]]
[[ 7.52819986e-07 -1.60830536e-06 -1.24006088e-05]]
[[3.18905764e-07 4.54012667e-07 5.76775727e-06]]
[[-4.71623425e-07 -1.67646149e-06  2.63663495e-07]]
[[-2.74504776e-07 -2.14579140e-06 -7.25765544e-06]]
[[ 3.41282913e-09 -3.45195803e-07 -3.44557596e-06]]
[[ 5.73948917e-07  8.48902786e-07 -2.63672287e-06]]
[[ 4.08431253e-07 -3.62904977e-07 -6.66367691e-06]]
[[-1.29878345e-07 -1.70328285e-06  2.92183708e-06]]
[[-6.23922558e-07 -2.18768685e-06  4.59774418e-06]]
[[-7.81629805e-07 -1.85384009e-06  5.11152263e-06]]
[[-4.70859822e-08 -2.02876914e-06 -4.84251969e-06]]
[[3.39504588e-07 1.18386256e-06 1.94587190e-06]]
[[-3.58140497e-07 -1.66105147e-06 -7.04995585e-07]]
[[-2.27649235e-07  8.39965775e-07 -3.82005028e-06]]
[[-1.52984919e-07 -8.93997052e-07  2.12168852e-06]]
[[5.00247794e-07 1.48542858e-06 2.13881179e-08]]
[[-1.24603485e-07  8.00495901e-08 -1.18426215e-05]]
[[ 5.67297443e-07  2.19595442e-06 -5.57767237e-06]]
[[2.77785333e-07 2.67898699e-08 1.11353221e-05]]
[[-9.24413717e-07 -2.51746762e-06 -7.97782484e-06]]
[[-3.56432208e-08 -1.77795455e-07 -4.55006922e-06]]
[[ 3.97814715e-07  3.54311922e-07 -5.43997075e-07]]
[[-2.92474063e-08 -6.27242363e-07 -4.26581330e-06]]
[[-2.09149100e-07  1.33192405e-06  9.36619482e-06]]
[[-1.17720029e-06 -7.67806388e-07  5.02858239e-06]]
[[ 6.29070252e-07  3.26790614e-06 -4.18624005e-06]]
[[-4.04631738e-07  2.14489942e-06  1.55340494e-06]]
[[-8.31346814e-08  2.12323776e-06  3.98753403e-06]]
[[-2.33252883e-07  9.29121690e-07  2.61610678e-06]]
[[-3.66376600e-08 -1.38759803e-06 -4.97431272e-06]]
[[-2.63113087e-09  5.42484453e-07  4.86727974e-06]]
[[-5.57182650e-07 -2.53797603e-06 -4.13548979e-06]]
[[-6.49434408e-07  7.10477093e-07 -4.42047438e-06]]
[[-2.08569301e-07  9.01965464e-07  7.21752653e-06]]
[[ 1.96803914e-07 -1.30137424e-06 -9.73167464e-06]]
[[ 3.51774524e-07 -6.70895929e-07 -2.15635168e-07]]
[[-2.77295253e-07  3.94113682e-07 -3.36086606e-06]]
[[3.94298876e-07 3.93599116e-07 2.16807975e-06]]
[[5.03846920e-07 9.64048816e-07 1.60123903e-07]]
[[ 3.36968327e-07  1.99498621e-06 -4.67316339e-06]]
[[ 1.55642722e-06 -2.05041450e-06 -1.49043761e-05]]
[[-8.36270528e-07 -2.04846836e-06 -5.72906345e-09]]
[[-1.67477793e-06  1.34168427e-06  1.04779315e-05]]
[[6.87769443e-07 3.85334417e-07 1.24456697e-06]]
[[-8.68845598e-07  1.36862894e-06  9.21159966e-06]]
[[ 1.07991607e-06 -1.75912206e-07 -5.10993928e-06]]
[[-1.66649718e-07 -1.75850856e-06 -2.65395794e-06]]
[[5.33124467e-07 1.76285999e-06 1.24212237e-06]]
[[ 2.79070143e-06 -2.85921442e-06 -2.01848578e-05]]
[[-3.68455471e-07  2.06851506e-06  1.10121387e-05]]
[[9.26187358e-08 1.32025482e-06 3.99247005e-06]]
[[1.31792076e-06 1.23505777e-06 1.02302970e-06]]
[[-1.67361181e-07  3.23969147e-07 -2.06179611e-06]]
[[2.17955893e-08 1.49220017e-06 1.06807347e-06]]
[[-6.03783634e-07  2.34575116e-06  1.33379248e-05]]
[[ 1.65465046e-07 -1.74289987e-06 -3.91750131e-06]]
[[2.34278108e-07 8.53338562e-07 3.60253583e-06]]
[[-2.95585243e-07 -1.03619517e-06 -2.16580379e-06]]
[[-2.84824159e-06  1.03083865e-06  1.69332047e-05]]
[[-1.30587451e-05  1.97484472e-06  2.25145850e-05]]
[[ 1.89171222e-05 -5.34789564e-07  3.37800797e-06]]
[[-2.50336377e-06 -2.23879937e-08  3.49847195e-06]]
[[5.74093342e-08 5.32655918e-07 2.22655461e-06]]
[[-3.46476908e-06  2.89689751e-07 -1.52977214e-05]]
[[-9.30206507e-07  2.82366858e-06 -1.41960094e-05]]
[[ 3.06462427e-11  2.68136986e-06 -1.80247145e-05]]
[[3.19767192e-11 1.21976430e-06 3.92313089e-06]]
[[ 4.30852930e-07 -1.71884520e-06  9.10276879e-06]]
[[-4.91210889e-07  6.80512670e-07 -1.18695099e-05]]
[[ 3.48317379e-07 -1.39688666e-06  6.16770555e-06]]
[[ 3.34432326e-11 -7.28310340e-07  8.33113113e-06]]
[[ 2.84583403e-11 -3.85948226e-07 -2.16383863e-06]]
[[ 3.14267729e-11 -4.74457806e-08  1.08043079e-06]]
[[ 5.13775269e-07 -1.68128524e-06  1.32291517e-05]]
[[ 4.42068626e-08 -7.15949255e-08 -2.28919987e-07]]
[[ 3.47760050e-11  1.27766414e-06 -1.59715071e-05]]
[[6.29739908e-07 2.89840898e-07 1.86953488e-06]]
[[-5.93144303e-07  1.15975590e-06 -2.03756750e-06]]
[[ 1.38674308e-06 -1.17421209e-06  1.88580097e-06]]
[[-1.41427135e-06  9.19892784e-08 -3.03499202e-06]]
[[-5.95312889e-07 -3.28498288e-07 -1.40807781e-06]]
[[ 1.78637134e-07 -2.06573247e-08 -7.76626621e-08]]
[[-1.29814653e-06  2.97573877e-08 -2.33491708e-06]]
[[2.31228560e-07 1.45827657e-06 3.99964098e-06]]
[[ 2.72501968e-07 -3.88114167e-07 -3.23976163e-06]]
[[6.88753143e-07 2.52361193e-06 1.61761586e-05]]
[[2.29611640e-07 1.85205796e-06 8.03284777e-06]]
[[1.67631894e-07 2.76017608e-06 3.51538012e-06]]
[[-2.45366270e-08  1.58954226e-06  1.13990642e-06]]
[[-6.89010768e-08  1.80869607e-06 -1.44233186e-06]]
[[-9.52382528e-08  8.58444722e-07 -6.11919701e-06]]
[[ 1.31677766e-07  1.97551917e-06 -2.22253681e-06]]
[[-1.25502792e-07 -7.50704386e-07  4.59872680e-06]]
[[-7.07626135e-08  6.60880474e-07 -1.32883140e-06]]
[[-4.98815171e-07 -1.74904372e-07  1.69653950e-06]]
[[1.42556859e-07 2.44832921e-06 6.88870534e-06]]
[[-1.06902645e-07  9.01172989e-07  7.12120617e-07]]
[[-7.44402085e-07  3.48433829e-07  3.44260606e-06]]
[[ 6.02463315e-08 -4.00549300e-07 -3.75678766e-06]]
[[ 1.46552113e-08 -1.10267677e-06 -5.19566325e-06]]
[[-6.01327041e-07  1.19528071e-06  2.78554595e-07]]
[[ 2.76938685e-08 -1.45822446e-06 -1.26729443e-07]]
[[ 7.15011048e-07 -3.12226787e-07  1.00742728e-06]]
[[ 5.21686541e-07  1.07539323e-06 -3.25954615e-06]]
[[ 3.30676834e-07  1.23792298e-06 -1.94776884e-06]]
[[ 1.21814894e-07  1.27870881e-06 -2.14970708e-06]]
[[ 6.67676773e-07  9.42954710e-08 -2.86342169e-06]]
[[-3.71331391e-07  7.01067959e-07 -1.17628642e-06]]
[[7.36038032e-07 1.27414915e-06 1.18878863e-06]]
[[-1.32900827e-07 -1.13656393e-06 -2.26747897e-06]]
[[-1.79036371e-07 -1.30109677e-06  1.80757532e-06]]
[[ 4.93262295e-07 -7.77817190e-07  2.37341740e-06]]
[[ 6.83673291e-07 -6.09684925e-08 -3.85573525e-06]]
[[-3.08702287e-07  8.61399387e-07 -2.70788608e-06]]
[[-8.00829181e-07  1.05000386e-06  5.00557277e-07]]
[[-6.02224137e-07 -5.97103271e-07  1.47562638e-06]]
[[ 4.50288638e-07 -6.10382623e-07 -1.58524966e-06]]
[[ 4.43093385e-07 -7.20535909e-07 -1.62775187e-06]]
[[ 9.73687975e-09  8.55625863e-07 -4.25147527e-06]]
[[3.11715940e-07 4.39121294e-07 1.42656975e-06]]
[[ 1.32179881e-07 -1.68798418e-06  6.08008001e-07]]
[[9.77060322e-07 8.28054658e-07 1.56424861e-06]]
[[2.69093496e-07 1.63163022e-06 3.50701048e-06]]
[[-7.42962012e-08 -1.23981303e-06  2.96429839e-07]]
[[-3.42608413e-08  1.32959227e-06 -2.88173234e-06]]
[[ 4.57575796e-07  8.30982636e-07 -1.44359873e-06]]
[[ 6.96949872e-07 -8.63706560e-07  2.57390923e-06]]
[[-4.60908719e-07 -9.49000025e-07 -2.08284650e-06]]
[[ 7.32546948e-08  1.02860211e-06 -1.96704350e-06]]
[[-5.66130568e-07 -2.60449279e-07  2.20295330e-06]]
[[ 7.91593168e-07 -1.54884845e-06 -3.33978519e-06]]
[[-1.71037676e-07  1.83280647e-06 -1.00464238e-07]]
[[ 4.17522643e-07 -2.49147657e-07  8.98266940e-07]]
[[-6.44974575e-07 -9.92358110e-07 -1.40641906e-06]]
[[ 7.94292667e-08 -3.72693080e-07 -1.09015959e-06]]
[[1.49446071e-06 1.54661609e-06 6.21434367e-07]]
[[-7.41375511e-07 -1.21685372e-06 -4.27631250e-07]]
[[-6.24754337e-07  8.06739990e-08  1.27387253e-06]]
[[1.32708920e-06 1.42862001e-06 1.42679369e-06]]
[[1.79209067e-06 1.59806066e-06 2.08818216e-06]]
[[-1.35890210e-06 -8.04661255e-07 -1.67697323e-07]]
[[-6.88289611e-07 -3.75588911e-08 -1.39012745e-06]]
[[ 2.16777772e-07 -3.88403208e-07  3.59177449e-07]]
[[ 3.26892490e-07 -1.92867503e-06  1.51876264e-07]]
[[ 2.83996496e-07 -6.30160287e-07 -7.62789426e-07]]
[[ 3.81186133e-07 -1.74122556e-06  1.38543130e-06]]
[[-2.77939844e-07  6.73229295e-07 -8.98498712e-07]]
[[-2.29849960e-07  1.95829369e-06 -3.11632405e-07]]
[[-3.95569405e-07  1.05613751e-06  2.79471836e-06]]
[[ 5.45261813e-06  1.94569729e-05 -3.44352743e-06]]
[[ 1.21814131e-05  5.65400789e-05 -2.14713123e-05]]
[[-9.13846558e-07  3.09906540e-07 -6.89105605e-07]]
[[-1.40370931e-06 -3.98432178e-07 -1.26216494e-06]]
[[ 2.94126865e-06  5.61981179e-06 -1.43743922e-06]]
[[-2.58142110e-07 -2.99244050e-07 -1.58982571e-06]]
[[-4.85728817e-07  1.99110303e-07 -1.82605815e-06]]
[[7.98722922e-07 9.15444787e-07 1.64385506e-06]]
[[8.58965818e-07 1.46619428e-06 2.62800445e-06]]
[[-7.44503500e-05 -3.40695441e-04  1.46492994e-04]]
[[8.05977752e-07 9.38882891e-07 1.47057024e-06]]
[[-3.57876683e-06 -7.51780573e-06  2.16885859e-06]]
[[3.82801678e-06 1.10500804e-05 2.73289388e-07]]
[[-3.74173974e-06 -1.47893508e-05  3.75074090e-06]]
[[3.16322133e-06 6.83243155e-06 2.01311224e-07]]
[[8.93984092e-07 2.70486598e-06 2.28683882e-06]]
[[2.29896354e-07 5.45655269e-07 2.17420964e-06]]
[[-2.67005500e-06 -5.33906069e-06 -1.04568471e-07]]
[[-7.80560647e-08 -1.57521865e-06  3.57535683e-07]]
[[-2.47716419e-06 -7.44058048e-06  3.77861923e-07]]
[[ 2.78193770e-07 -4.98971360e-07  8.32398129e-07]]
[[-2.25145417e-06 -3.84797130e-06  1.41033252e-06]]
[[4.61473558e-07 2.51501433e-08 2.21934586e-06]]
[[ 5.44057327e-06  1.09683775e-05 -3.09686706e-06]]
[[-2.80674890e-06 -5.30850241e-06  5.96114393e-06]]
[[ 6.93656589e-06  1.28075354e-05 -8.52306243e-07]]
[[3.66207203e-07 9.24055627e-07 4.25619450e-06]]
[[ 7.60623968e-06  2.53907923e-05 -7.54103294e-06]]
[[-6.91442962e-06 -2.29632706e-05  5.07222494e-06]]
[[ 6.95626880e-06  2.68598995e-05 -7.54195291e-06]]
[[-1.12471898e-05 -3.70596253e-05  9.93117638e-06]]
[[-2.23418009e-07 -2.21141619e-06 -5.27645568e-07]]
[[ 3.76346665e-06  7.32025293e-06 -9.46984656e-07]]
[[ 5.10484905e-06  8.57166069e-06 -6.54107865e-07]]
[[-4.01688743e-06 -6.03170125e-06 -1.43034458e-06]]
[[ 1.92212790e-06  3.21383791e-06 -1.81114191e-06]]
[[-6.95239237e-07 -1.81251221e-06  2.55410995e-07]]
[[-2.83213108e-07 -1.32819656e-06  2.31026192e-07]]
[[-9.09156824e-07 -9.21763103e-07 -5.04805755e-07]]
[[-5.16095222e-06 -6.42812151e-06  3.91483397e-07]]
[[-4.94266242e-06 -8.47399733e-06  1.10659504e-06]]
[[-2.52879282e-06 -5.47231437e-06 -3.50446555e-07]]
[[-4.29429494e-06 -5.87470757e-06  3.92803329e-06]]
[[-9.50605623e-06 -1.39827082e-05  3.62440952e-06]]
[[ 5.75475727e-06  1.00569495e-05 -5.22613931e-06]]
[[ 2.25337742e-06  2.96783858e-06 -2.44383693e-06]]
[[2.24615695e-06 4.99824927e-06 1.13971625e-06]]
[[ 5.98950898e-07 -1.67036055e-06  3.55911610e-06]]
[[ 1.01983507e-05  1.54129108e-05 -5.36077751e-06]]
[[-8.02656709e-06 -1.33956845e-05  3.92555215e-06]]
[[-4.17206040e-06 -7.04833676e-06  2.33928374e-06]]
[[ 3.42162620e-06  3.04607673e-06 -4.65322628e-07]]
[[-3.45810776e-06 -7.58108166e-06  8.83744661e-07]]
[[-3.18779284e-06 -4.89423178e-06 -2.96090596e-06]]
[[ 4.90211154e-06  6.52849226e-06 -2.86803706e-06]]
[[-6.10390348e-07 -2.36968819e-06  2.78705311e-06]]
[[ 1.12977978e-05  1.86350424e-05 -2.83631091e-06]]
[[ 1.39723314e-05  2.44477260e-05 -1.18024409e-05]]
[[-5.49806942e-06 -1.11795208e-05  4.06686132e-06]]
[[ 9.18635314e-06  1.68476541e-05 -6.93909129e-06]]
[[-1.00828560e-05 -1.49977638e-05  2.41722439e-06]]
[[-2.27771019e-06 -6.06171341e-06 -6.52855952e-07]]
[[3.01236628e-06 4.02090697e-06 4.90995193e-06]]
[[ 1.74837099e-05  3.08282341e-05 -8.98676268e-06]]
[[ 1.81692597e-05  4.15659289e-05 -2.14489951e-05]]
[[ 1.61626940e-05  3.74202226e-05 -1.28547036e-05]]
[[-2.38264823e-05 -5.25216750e-05  2.37384005e-05]]
[[ 3.65453112e-05  8.11703736e-05 -3.53083282e-05]]
[[1.73439766e-06 4.21089885e-06 2.62660788e-06]]
[[-7.23499755e-06 -1.43652729e-05  4.56283905e-06]]
[[ 1.19716854e-05  2.99467904e-05 -1.28923504e-05]]
[[ 1.54524683e-05  3.53297080e-05 -1.90285270e-05]]
[[-2.86891219e-06 -6.10893255e-06  4.27845478e-07]]
[[ 6.96330879e-07  1.99815275e-06 -2.50584809e-06]]
[[ 1.62526452e-06  3.47797024e-06 -8.32117706e-07]]
[[-4.02695689e-06 -6.32421677e-06 -2.42460925e-06]]
[[-3.46148633e-07  1.03953363e-06 -1.78325621e-07]]
[[-1.45053784e-06 -5.33276452e-06  5.04408982e-06]]
[[ 2.46435764e-07 -1.69714593e-06  4.22997061e-06]]
[[-6.94849261e-06 -1.36090242e-05  2.84152962e-06]]
[[-1.89876615e-06 -5.19921761e-06 -1.52785901e-07]]
[[2.09666638e-06 5.44662171e-06 1.16438257e-06]]
[[ 1.08429067e-06  3.31157074e-06 -2.81793314e-06]]
[[-8.34408821e-06 -1.92428706e-05  3.67923568e-06]]
[[ 4.95645179e-06  9.64802740e-06 -3.69594746e-06]]
[[ 9.82383667e-06  2.69364756e-05 -7.51481991e-06]]
[[ 3.87838853e-07  1.88513451e-06 -2.18094343e-06]]
[[ 4.23607158e-06  1.08917636e-05 -5.16610068e-06]]
[[ 1.89602142e-06  1.52961769e-06 -4.61619908e-06]]
[[3.40705982e-06 3.42935598e-06 3.59584000e-06]]
[[-3.52962309e-06 -7.40612009e-06  2.21885769e-06]]
[[ 3.31089974e-06  4.20050742e-06 -2.78293020e-06]]
[[ 4.30168830e-06  4.85620595e-06 -2.40286829e-06]]
[[-2.10197759e-06 -5.19586112e-06 -1.92394592e-06]]
[[-3.23467724e-08 -9.79866741e-07  3.23957973e-06]]
[[ 5.77740133e-06  8.49709582e-06 -2.83318457e-06]]
[[-4.58023822e-06 -8.44326073e-06  5.17396259e-07]]
[[-5.10577910e-06 -6.11342708e-06  1.51521473e-06]]
[[ 1.17200273e-06  3.80276799e-06 -9.34539671e-07]]
[[-3.41519635e-06 -5.08636683e-06  1.20714179e-06]]
[[-4.18915441e-06 -4.10648403e-06 -1.68303231e-07]]
[[ 1.69910368e-06  3.35334957e-06 -3.88261986e-06]]
[[ 1.23719596e-05  1.63275627e-05 -2.05842883e-06]]
[[ 4.29601271e-06  8.44068668e-06 -2.32422857e-06]]
[[ 2.89875951e-06  5.75135630e-06 -1.41863364e-06]]
[[-6.82480573e-06 -1.41081977e-05  9.27332522e-07]]
[[ 1.15055975e-05  2.87183539e-05 -1.02617115e-05]]
[[-5.34454087e-06 -1.44250786e-05  6.43604841e-06]]
[[-1.37845470e-05 -3.63678518e-05  1.52139149e-05]]
[[-1.32382154e-05 -2.38900551e-05  1.12586570e-05]]
[[-7.82025290e-06 -1.81046123e-05  1.02635967e-05]]
[[-4.88854997e-06 -1.02479218e-05 -1.08455805e-06]]
[[-4.14320387e-06 -6.07876328e-06  3.14583433e-06]]
[[-1.32797864e-06 -3.18710272e-06  4.49781794e-08]]
[[-4.61491709e-07  3.34162706e-07  8.40063208e-07]]
[[-4.71679110e-06 -4.81095043e-06  3.99049399e-06]]
[[-2.94453698e-06 -4.46794348e-06 -2.12611003e-06]]
[[-7.57551923e-06 -1.26663303e-05  2.92085669e-06]]
[[-1.71817445e-05 -2.59575102e-05  7.24206021e-06]]
[[-1.98672375e-07 -1.88872045e-06  5.63663050e-07]]
[[-1.52307725e-05 -1.89900452e-05  8.79146397e-06]]
[[-2.55200874e-07 -6.83389004e-07  4.11513348e-07]]
[[-3.97919180e-06 -1.01065633e-05  6.74060416e-07]]
[[-1.91891669e-06 -1.70550277e-06 -2.17179541e-06]]
[[ 9.83851926e-06  1.44062310e-05 -4.39606608e-06]]
[[ 8.30940046e-08 -5.81921114e-07 -5.48401549e-06]]
[[ 5.77883085e-06  1.05398306e-05 -2.69102092e-06]]
[[ 7.21514448e-06  1.22604669e-05 -2.53093272e-06]]
[[ 1.38584307e-05  3.16766651e-05 -1.34456044e-05]]
[[ 4.01245793e-06  9.79426875e-06 -3.14419681e-06]]
[[-1.17052294e-05 -2.80454194e-05  9.75903176e-06]]
[[-1.77817313e-06 -5.22375097e-06  4.00969716e-06]]
[[-1.40484163e-06 -1.34718439e-06  2.41967115e-07]]
[[ 4.88209111e-06  6.66018988e-06 -1.66658663e-06]]
[[-7.81500996e-06 -1.07215248e-05  2.15185035e-06]]
[[2.18533931e-06 2.38913819e-06 2.46446780e-06]]
[[-3.79946543e-06 -7.20924228e-06 -6.04902780e-07]]
[[ 7.09260765e-06  7.22983035e-06 -8.90286458e-07]]
[[3.99973205e-06 9.75382392e-07 2.05180473e-06]]
[[ 7.72806097e-06  5.49763425e-06 -3.96971191e-06]]
[[ 0.00022091  0.00018133 -0.00023025]]
[[ 7.69879531e-06  7.08908348e-06 -1.68157428e-05]]
[[ 1.75678318e-06  3.00226625e-06 -8.20234460e-06]]
[[-2.18107763e-06 -3.57513679e-06  5.30132310e-06]]
[[-7.75177753e-08  8.53560778e-10  2.00833994e-06]]
[[-4.25417898e-07  7.25428819e-07 -1.18826669e-06]]
[[8.80075390e-08 6.24946210e-08 3.89140907e-06]]
[[ 1.16002445e-06  1.88594954e-06 -2.23250339e-05]]
[[-1.57985427e-05  7.03774660e-07  1.91292569e-05]]
[[-9.24552159e-08  6.24366578e-07  3.54330997e-06]]
[[1.91097850e-07 1.19879553e-06 6.01222966e-06]]
[[ 2.37951436e-07 -2.39518542e-07 -6.09430025e-07]]
[[1.24920142e-07 2.86248849e-07 1.95757754e-06]]
[[ 1.22549284e-07 -2.68728273e-06 -5.69999676e-06]]
[[-1.25348798e-08  1.92577374e-07 -3.22146452e-07]]
[[-1.49078581e-08 -4.55879956e-08 -2.90294319e-06]]
[[2.99443879e-07 1.59929343e-07 4.72392865e-06]]
[[-1.63812063e-07 -5.70542539e-07 -4.97384532e-06]]
[[-4.16774093e-07 -7.35247212e-07 -1.01285427e-05]]
[[ 5.82848259e-08  4.41617246e-07 -5.97850891e-06]]
[[1.96735130e-07 3.22339302e-06 1.71477951e-06]]
[[-8.82285621e-07 -4.88570450e-07 -3.58132738e-06]]
[[-4.04284386e-07 -1.32690781e-06 -4.70441113e-06]]
[[ 2.35106931e-07 -2.60726534e-06  1.40820770e-06]]
[[5.64246116e-08 2.86318775e-06 3.31491269e-06]]
[[ 2.48250153e-07 -5.72135122e-07  5.62797217e-06]]
[[-4.67744330e-07  4.53795238e-07 -3.30545336e-06]]
[[ 2.72122016e-07 -1.42064113e-06 -4.59414096e-06]]
[[-6.58169119e-07  2.48395492e-06  5.00494208e-06]]
[[-1.52817166e-06  5.68970421e-07 -6.29579892e-06]]
[[8.41240629e-07 8.91673011e-08 2.72187904e-07]]
[[-4.07498712e-07 -2.77110917e-07 -2.65412709e-07]]
[[-6.95933833e-07  2.72424341e-06  5.05370998e-06]]
[[ 8.43082297e-07  1.28587430e-07 -1.88709954e-06]]
[[-1.60647007e-07  5.08459582e-07 -5.65717272e-06]]
[[ 1.87328718e-07 -1.95082509e-06 -3.96630698e-06]]
[[2.16490928e-07 2.96931351e-07 7.57165992e-08]]
[[-4.98916654e-07  3.71538166e-06  9.83526614e-06]]
[[-2.22146031e-07 -1.69224376e-06 -1.71862548e-05]]
[[ 2.17236844e-07 -7.89487107e-08  1.17152255e-05]]
[[-2.38734843e-07  6.55937562e-07  2.72803543e-06]]
[[-3.02300236e-07  2.65313603e-06 -1.51481653e-06]]
[[ 4.25325436e-07 -6.64479636e-08 -1.71259524e-06]]
[[-8.75782538e-07  2.60646395e-06 -5.09838870e-06]]
[[ 1.17991148e-07 -1.20920951e-06  1.33050605e-07]]
[[ 1.06775623e-06 -1.11587273e-06  9.36197979e-06]]
[[ 3.98646259e-07 -2.27313351e-06 -2.00275116e-06]]
[[ 6.88128097e-08 -1.31620421e-06  1.91857239e-06]]
[[ 2.27159774e-07  1.40405070e-06 -2.69132619e-06]]
[[-4.34992669e-07 -3.81292740e-08 -2.98746281e-06]]
[[-8.19800830e-07  1.15329540e-06  2.03020215e-06]]
[[ 7.53683230e-07 -8.77223018e-07 -6.05011907e-06]]
[[ 4.63794114e-08 -4.48131499e-06 -1.40900298e-07]]
[[-2.98806118e-07  4.24800824e-06 -1.93496025e-06]]
[[ 4.87049144e-07 -4.32469616e-06 -5.13029208e-06]]
[[ 1.12628570e-07 -2.29659675e-06 -8.15534509e-06]]
[[ 1.57838964e-06 -3.25657766e-06  5.58027851e-06]]
[[ 9.33791638e-07 -2.76737312e-07  9.08886906e-06]]
[[-2.33676001e-07  7.63979318e-07 -9.49668532e-07]]
[[2.51069039e-07 8.70597083e-09 1.55535562e-06]]
[[ 1.37751482e-07 -1.22162931e-07  5.67345693e-06]]
[[ 4.92840963e-07 -1.97609988e-06  4.51280690e-06]]
[[-3.65284151e-07 -5.54883098e-08 -9.87586101e-06]]
[[ 7.98240867e-07 -2.38947129e-06  4.18474646e-06]]
[[1.24090750e-06 1.96531784e-07 8.66721039e-06]]
[[-3.67811923e-08 -1.45615077e-06 -2.60608994e-06]]
[[-7.05970127e-08  2.22364967e-06 -1.30065274e-06]]
[[-7.23148787e-07 -1.92202277e-07 -7.67742966e-06]]
[[ 7.57844063e-08  2.79336819e-06 -1.08091656e-06]]
[[ 2.41804425e-08 -3.46764467e-06  8.89050867e-07]]
[[-9.56889677e-07  1.72307857e-06 -5.75980938e-06]]
[[ 2.68370528e-07 -1.44043592e-06 -1.29762951e-06]]
[[-1.18815449e-06  3.47414755e-07 -2.19792217e-06]]
[[-1.52345775e-06 -1.44547806e-06 -1.08707133e-05]]
[[ 2.27329503e-06 -2.74599098e-06 -7.26686878e-07]]
[[-7.11370305e-08  4.06682268e-07 -5.00879196e-07]]
[[-6.26360144e-07 -2.74758079e-07 -1.20476459e-06]]
[[1.22816138e-07 3.23803806e-06 5.78344039e-06]]
[[-3.96604122e-07 -2.01259598e-06 -1.07371537e-05]]
[[ 1.36044073e-07 -2.32756969e-06 -6.03942112e-07]]
[[ 4.52013108e-07 -2.47184332e-07  2.98072167e-06]]
[[ 3.38611184e-06 -9.98016532e-07  6.65070628e-06]]
[[ 2.67918571e-06 -4.82566037e-07  1.06366845e-05]]
[[-8.38738616e-07 -5.58636543e-07 -8.38560150e-06]]
[[-3.80207297e-08 -6.14480086e-07 -7.02633179e-06]]
[[-2.56656625e-07  7.85230824e-07 -4.41612481e-06]]
[[ 6.66953865e-07 -9.31648664e-07  2.54260519e-06]]
[[-4.36749819e-07  5.03609954e-08 -2.64086543e-06]]
[[-3.46441844e-08 -1.26562689e-06 -6.53279301e-07]]
[[ 4.56488722e-07 -4.51034254e-07  2.79689638e-06]]
[[-3.17660774e-06  1.20236166e-07 -2.62508746e-06]]
[[3.84008565e-07 1.26821955e-06 7.66998483e-06]]
[[-3.62684540e-05  7.71833939e-07  1.32466572e-05]]
[[-8.78489948e-06 -2.54259575e-06  1.58868053e-05]]
[[6.10325444e-07 3.14575601e-08 7.37032579e-07]]
[[ 4.19245984e-06  1.60580453e-06 -1.35648573e-05]]
[[ 1.15064284e-06  2.94438667e-06 -1.86977204e-05]]
[[-9.56399358e-07 -3.53111798e-06  2.06991571e-05]]
[[ 1.00522390e-07  4.30352145e-07 -3.16370844e-07]]
[[-5.93822833e-07 -1.53071109e-06  1.75348352e-05]]
[[-3.18447712e-07 -7.91080979e-07  9.20865513e-06]]
[[-1.51973560e-07  3.09401557e-07  6.02210449e-06]]
[[-3.93212570e-07  8.23796711e-08 -1.39390986e-06]]
[[ 1.77729605e-06  1.81961269e-06 -7.50777176e-07]]
[[-3.72008942e-06 -3.24661758e-06  2.34325779e-06]]
[[2.53371270e-06 2.16726238e-06 1.67302710e-06]]
[[-2.63221927e-06 -2.28199289e-06 -1.05923120e-06]]
[[ 5.47460006e-07  6.19858724e-08 -1.67009689e-06]]
[[-2.75781911e-06 -2.74126751e-06 -1.17991678e-06]]
[[-8.09577037e-07  3.47767335e-06 -7.36766319e-06]]
[[-1.18947104e-06  2.80664110e-06  6.24393881e-06]]
[[ 1.20460857e-07 -2.52041657e-06 -3.94534015e-06]]
[[-1.56957027e-07  1.98133504e-06  1.06490084e-05]]
[[-2.42263045e-08  3.97697143e-07  1.30433129e-07]]
[[ 4.72268752e-07 -1.30146869e-06  5.46067406e-06]]
[[ 8.08776342e-07 -3.19535621e-06  3.26095571e-06]]
[[ 5.90345609e-07 -1.33240686e-06  6.43405503e-06]]
[[ 2.49973912e-07 -4.44479323e-07  1.57566333e-07]]
[[ 2.58051486e-07 -1.98141120e-07  2.76756125e-06]]
[[-5.23864140e-07  4.62774092e-06 -2.12421615e-06]]
[[ 5.67858969e-07 -6.36373723e-07  2.28991446e-06]]
[[ 8.18043038e-07 -2.66898533e-06 -4.94682735e-06]]
[[-3.63518211e-08  1.93079841e-06 -1.70996223e-06]]
[[-3.24213401e-07  3.35889759e-06  1.79742830e-06]]
[[-2.10222950e-10  3.48495311e-07  1.03401878e-06]]
[[-2.09291570e-07  2.28128449e-07 -9.39708392e-06]]
[[ 1.01062683e-06 -2.53598015e-06 -4.76140404e-07]]
[[-8.42089776e-08 -2.30085327e-06 -1.80847031e-06]]
[[-1.17609860e-06  2.16346649e-06 -5.23694901e-06]]
[[-3.66037986e-07  1.82468892e-06  7.53064640e-07]]
[[-5.13864224e-07  4.03613914e-07  5.19740045e-06]]
[[-1.65470890e-08  9.69787918e-07  2.64977072e-06]]
[[-3.67784674e-07 -1.78905907e-07 -9.33741527e-06]]
[[ 5.11614788e-07 -1.09131015e-06 -3.12364870e-06]]
[[-1.13133227e-06  3.97021811e-06 -2.11753489e-06]]
[[ 2.82305256e-07 -2.78168613e-06  2.18653935e-06]]
[[-1.56307940e-07  2.24893638e-06 -6.18696489e-06]]
[[-4.60847570e-07 -1.45098767e-06  1.12904014e-06]]
[[-6.99364332e-07  9.75947428e-07 -8.85560290e-07]]
[[5.49783117e-07 2.20130824e-07 2.80554658e-06]]
[[ 3.39703503e-07  5.09653603e-07 -5.39238904e-06]]
[[ 5.50655532e-07  3.11643909e-06 -2.49257361e-06]]
[[-8.15177138e-07  3.61233919e-06 -1.69901811e-06]]
[[ 1.32506156e-07 -1.21368722e-06 -7.71560451e-07]]
[[-2.95598623e-07 -3.23945223e-06 -1.41819847e-06]]
[[-6.63575680e-07  3.10768519e-06 -4.46939347e-06]]
[[-6.98448257e-07  3.22083950e-06 -5.25750630e-06]]
[[-7.84267083e-07 -1.78131277e-06 -1.68067032e-06]]
[[-1.07362738e-07  1.42476308e-06 -1.46229394e-06]]
[[-3.32935763e-07  2.21856377e-06  1.59299255e-06]]
[[ 1.97608269e-07 -6.34302242e-07 -4.78723361e-06]]
[[-1.10773771e-07 -1.49351030e-06  5.19603954e-06]]
[[-8.19815824e-07 -6.10510050e-08  4.24378513e-07]]
[[ 4.25640360e-07 -1.66189992e-07 -2.13901089e-07]]
[[ 7.46210933e-08 -1.76447383e-07 -3.59485416e-07]]
[[5.27306593e-07 7.75037954e-08 1.73769915e-06]]
[[ 6.33060337e-07 -1.52513381e-06  1.70594621e-06]]
[[-1.26584920e-06  2.29278612e-06 -2.37670614e-06]]
[[-4.07889993e-07  1.15104494e-06  6.55422086e-06]]
